{
    "five": 103153.20178430591,
    "open_four": 1677.4724180133167,
    "dead_four": 950.1772455825246,
    "open_three": 147.25265982383792,
    "dead_three": 65.59708875027954,
    "open_two": 3.5246893261438554,
    "defense_weight": 0.4907101268730368,
    "fork_44": 10468.602955338481,
    "fork_43": 1031.941111712513,
    "fork_33": 2295.179748759378,
    "center_bonus": 61.499384142448775
}