{
    "five": 68992.13499848718,
    "open_four": 20923.08355582344,
    "dead_four": 2463.070277512975,
    "open_three": 751.2796493190782,
    "dead_three": 173.51790075499113,
    "open_two": 6.328191064000822,
    "defense_weight": 0.6269096014711082,
    "fork_44": 9544.686299983434,
    "fork_43": 8345.136813166779,
    "fork_33": 235.10373771568237,
    "center_bonus": 88.97194930165851
}